Epoch,Train Loss,Train Accuracy,Val Loss,Val Accuracy,Best Epoch,Best Accuracy
0,0.6803271832808949,0.5098039215686274,0.564,0.75,0,0.564
1,0.6344107973809335,0.6470588235294118,0.567,0.75,0,0.564
2,0.6184677189471675,0.6470588235294118,0.539,0.75,2,0.539
3,0.5945029878148845,0.6666666666666666,0.522,0.6875,3,0.522
4,0.5670859283871121,0.6470588235294118,0.511,0.6875,4,0.511
5,0.5465140066115685,0.7254901960784313,0.489,0.6875,5,0.489
6,0.54015192292095,0.7189542483660131,0.46,0.6875,6,0.46
7,0.5305549256941852,0.7189542483660131,0.443,0.6875,7,0.443
8,0.5239762893689224,0.7189542483660131,0.436,0.6875,8,0.436
9,0.5199949889401205,0.7320261437908496,0.429,0.6875,9,0.429
10,0.5134732719340356,0.7189542483660131,0.425,0.6875,10,0.425
11,0.5087133299291523,0.7189542483660131,0.429,0.8125,10,0.425
12,0.5077280261937309,0.7189542483660131,0.445,0.8125,10,0.425
13,0.5082941842234991,0.7189542483660131,0.421,0.8125,13,0.421
14,0.4889448534429463,0.7516339869281046,0.396,0.75,14,0.396
15,0.46845246646918504,0.7908496732026143,0.414,0.875,14,0.396
16,0.493784539060655,0.7450980392156863,0.558,0.75,14,0.396
17,0.5387406660840403,0.6666666666666666,0.387,0.8125,17,0.387
18,0.45626964911915896,0.8300653594771242,0.406,0.75,17,0.387
19,0.47837184262431526,0.7843137254901961,0.424,0.6875,17,0.387
20,0.461397443721497,0.7973856209150327,0.404,0.75,17,0.387
21,0.45398390176249487,0.7777777777777778,0.446,0.8125,17,0.387
22,0.46217478451385996,0.7843137254901961,0.384,0.75,22,0.384
23,0.41833260908625486,0.8235294117647058,0.382,0.875,23,0.382
24,0.4488673023149079,0.7908496732026143,0.52,0.75,23,0.382
25,0.5015856888559129,0.7450980392156863,0.372,0.8125,25,0.372
26,0.41306641288832124,0.8300653594771242,0.395,0.8125,25,0.372
27,0.4371758508526422,0.803921568627451,0.438,0.875,25,0.372
28,0.4364820305818047,0.8169934640522876,0.374,0.8125,25,0.372
29,0.4029506086524016,0.8366013071895425,0.391,0.875,25,0.372
30,0.4293277661005656,0.8235294117647058,0.459,0.875,25,0.372
31,0.45232318468343197,0.7908496732026143,0.36,0.8125,31,0.36
32,0.3863551838725221,0.8562091503267973,0.371,0.8125,31,0.36
33,0.39339060331481734,0.8235294117647058,0.412,0.875,31,0.36
34,0.42831224242067023,0.8169934640522876,0.392,0.9375,31,0.36
35,0.3971245604402879,0.8235294117647058,0.35,0.8125,35,0.35
36,0.3651929431491428,0.8366013071895425,0.36,0.8125,35,0.35
37,0.3832676523651173,0.8366013071895425,0.414,0.875,35,0.35
38,0.43220339257732715,0.7843137254901961,0.454,0.875,35,0.35
39,0.42816923996981454,0.7843137254901961,0.338,0.8125,39,0.338
40,0.36468767769196453,0.8431372549019608,0.368,0.8125,39,0.338
41,0.3874994165757123,0.8431372549019608,0.401,0.875,39,0.338
42,0.38407400542614506,0.8169934640522876,0.338,0.8125,39,0.338
43,0.3517399699080224,0.8496732026143791,0.356,0.9375,39,0.338
44,0.3717665863192938,0.8562091503267973,0.351,0.9375,39,0.338
45,0.35297777294333466,0.8366013071895425,0.32,0.8125,45,0.32
46,0.3366098598717085,0.8627450980392157,0.32,0.8125,45,0.32
47,0.3400077303640204,0.8627450980392157,0.352,0.9375,45,0.32
48,0.3795927992833206,0.8366013071895425,0.391,0.9375,45,0.32
49,0.37945202830570196,0.8366013071895425,0.315,0.8125,49,0.315
50,0.33363135792071524,0.8627450980392157,0.326,0.8125,49,0.315
51,0.3406316828883551,0.869281045751634,0.305,0.8125,51,0.305
52,0.32950811312089556,0.8758169934640523,0.311,0.9375,51,0.305
53,0.32744485743684704,0.8627450980392157,0.31,0.8125,51,0.305
54,0.3179350699864182,0.869281045751634,0.311,0.8125,51,0.305
55,0.31952184146525814,0.8627450980392157,0.301,0.8125,55,0.301
56,0.30881718015359116,0.8758169934640523,0.3,0.8125,56,0.3
57,0.31062006541326936,0.869281045751634,0.303,0.9375,56,0.3
58,0.3129400608975903,0.8758169934640523,0.296,0.8125,58,0.296
59,0.3020615749109804,0.869281045751634,0.289,0.9375,59,0.289
60,0.3021940269501381,0.869281045751634,0.284,0.9375,60,0.284
61,0.30302339207892326,0.8627450980392157,0.281,0.9375,61,0.281
62,0.29713549489289326,0.8888888888888888,0.283,0.8125,61,0.281
63,0.29828015651578216,0.869281045751634,0.294,0.9375,61,0.281
64,0.30471085352835314,0.8758169934640523,0.28,0.9375,64,0.28
65,0.29152148280268403,0.8888888888888888,0.279,0.8125,65,0.279
66,0.2978246956089743,0.869281045751634,0.298,0.9375,65,0.279
67,0.3042837270334655,0.8758169934640523,0.273,0.9375,67,0.273
68,0.2871882970037024,0.8888888888888888,0.272,0.9375,68,0.272
69,0.29471711044997173,0.8627450980392157,0.294,0.9375,68,0.272
70,0.2979977012070176,0.8758169934640523,0.268,0.8125,70,0.268
71,0.28484413027763367,0.8954248366013072,0.268,0.9375,70,0.268
72,0.29381021642996596,0.8627450980392157,0.301,0.9375,70,0.268
73,0.3050859628939161,0.869281045751634,0.267,0.9375,73,0.267
74,0.28083926965208617,0.8954248366013072,0.257,0.9375,74,0.257
75,0.2901155506473741,0.8627450980392157,0.268,0.9375,74,0.257
76,0.2897547687969956,0.8823529411764706,0.259,0.9375,74,0.257
77,0.28120192554261947,0.8888888888888888,0.258,0.9375,74,0.257
78,0.2839690431270724,0.869281045751634,0.274,0.9375,74,0.257
79,0.29375721387613835,0.8758169934640523,0.246,0.9375,79,0.246
80,0.27816812411632413,0.8954248366013072,0.25,0.9375,79,0.246
81,0.28511935043958275,0.869281045751634,0.279,0.9375,79,0.246
82,0.2911201853767719,0.8758169934640523,0.245,0.8125,82,0.245
83,0.2785935413603689,0.8888888888888888,0.246,0.9375,82,0.245
84,0.2873273365248262,0.869281045751634,0.307,0.9375,82,0.245
85,0.2990338329006644,0.869281045751634,0.243,0.9375,85,0.243
86,0.27304169301893194,0.8954248366013072,0.228,0.9375,86,0.228
87,0.285133030289918,0.8627450980392157,0.274,0.9375,86,0.228
88,0.29597707511552795,0.8562091503267973,0.273,0.8125,86,0.228
89,0.28569665804407957,0.8888888888888888,0.268,0.9375,86,0.228
90,0.29159679132349353,0.8758169934640523,0.228,0.9375,86,0.228
91,0.27763039302202613,0.8954248366013072,0.237,0.9375,86,0.228
92,0.2879699301096349,0.8758169934640523,0.304,0.9375,86,0.228
93,0.3092307802898432,0.869281045751634,0.24,0.9375,86,0.228
94,0.2826234881394829,0.8758169934640523,0.249,0.9375,86,0.228
95,0.2874728176328871,0.8627450980392157,0.276,0.9375,86,0.228
96,0.3018469508566888,0.8823529411764706,0.268,0.8125,86,0.228
97,0.2887626496794956,0.869281045751634,0.27,0.9375,86,0.228
98,0.3102378679646386,0.8496732026143791,0.228,0.9375,86,0.228
99,0.30217468426897637,0.869281045751634,0.241,0.9375,86,0.228
100,0.28773394538686164,0.869281045751634,0.242,0.9375,86,0.228
101,0.2797136472331153,0.869281045751634,0.245,0.9375,86,0.228
102,0.2791193937943652,0.8758169934640523,0.212,0.9375,102,0.212
103,0.2712518415030311,0.869281045751634,0.217,0.9375,102,0.212
104,0.2677455250344245,0.8627450980392157,0.231,0.9375,102,0.212
105,0.26740869120055555,0.8758169934640523,0.248,0.9375,102,0.212
106,0.2660989570461847,0.8758169934640523,0.256,0.9375,102,0.212
107,0.26787744296921623,0.8823529411764706,0.242,0.9375,102,0.212
108,0.262936798186084,0.8823529411764706,0.235,0.9375,102,0.212
109,0.2659573231647217,0.8823529411764706,0.227,0.9375,102,0.212
110,0.2630983665098552,0.8758169934640523,0.225,0.9375,102,0.212
111,0.2624775149853401,0.8823529411764706,0.225,0.9375,102,0.212
112,0.26189443624876685,0.8758169934640523,0.223,0.9375,102,0.212
113,0.2618411150243547,0.8954248366013072,0.221,0.9375,102,0.212
114,0.26035308935283835,0.8888888888888888,0.223,0.9375,102,0.212
115,0.2627310963237987,0.8888888888888888,0.223,0.9375,102,0.212
116,0.26026173004137926,0.8823529411764706,0.23,0.9375,102,0.212
117,0.26347912253897177,0.8888888888888888,0.227,0.9375,102,0.212
118,0.26022770845032983,0.8823529411764706,0.227,0.9375,102,0.212
119,0.26584937486773225,0.8888888888888888,0.218,0.9375,102,0.212
120,0.2627578958187228,0.8758169934640523,0.224,0.9375,102,0.212
121,0.26911506232093363,0.8954248366013072,0.24,0.9375,102,0.212
122,0.26803366771710463,0.8823529411764706,0.225,0.9375,102,0.212
123,0.2648881381633235,0.8823529411764706,0.227,0.9375,102,0.212
124,0.2691461515972038,0.8823529411764706,0.222,0.9375,102,0.212
125,0.26160115490551866,0.8823529411764706,0.238,0.9375,102,0.212
126,0.2684947078913645,0.8823529411764706,0.23,0.9375,102,0.212
127,0.2604242152248333,0.8888888888888888,0.228,0.9375,102,0.212
128,0.2628406034965141,0.8823529411764706,0.225,0.9375,102,0.212
129,0.2596593789415422,0.8758169934640523,0.22,0.9375,102,0.212
130,0.2591875057204876,0.8954248366013072,0.221,0.9375,102,0.212
131,0.2610102889974133,0.8888888888888888,0.219,0.9375,102,0.212
132,0.25944407488785537,0.8954248366013072,0.228,0.9375,102,0.212
133,0.26396600600161585,0.8823529411764706,0.219,0.9375,102,0.212
134,0.26061552996728937,0.8954248366013072,0.231,0.9375,102,0.212
135,0.26418116357591415,0.8888888888888888,0.222,0.9375,102,0.212
136,0.25728801886240643,0.8823529411764706,0.223,0.9375,102,0.212
137,0.26276711369651595,0.8888888888888888,0.213,0.9375,102,0.212
138,0.2549862456477545,0.8823529411764706,0.217,0.9375,102,0.212
139,0.2557133270634545,0.8888888888888888,0.221,0.9375,102,0.212
140,0.2532818481033924,0.8954248366013072,0.22,0.9375,102,0.212
141,0.2545711341636633,0.8954248366013072,0.213,0.9375,102,0.212
142,0.25332774290072374,0.9019607843137255,0.218,0.9375,102,0.212
143,0.25353417384858223,0.8954248366013072,0.219,0.9375,102,0.212
144,0.2586798387415269,0.9084967320261438,0.22,0.9375,102,0.212
145,0.25398464354814265,0.9019607843137255,0.224,0.9375,102,0.212
146,0.26048948990753273,0.8954248366013072,0.214,0.9375,102,0.212
147,0.25567055839339115,0.8888888888888888,0.213,0.9375,102,0.212
148,0.2604181069174623,0.9019607843137255,0.218,0.9375,102,0.212
149,0.2601775550374798,0.8823529411764706,0.224,0.9375,102,0.212
150,0.25994427219714994,0.9019607843137255,0.238,0.9375,102,0.212
151,0.26183932298928303,0.9084967320261438,0.212,0.9375,102,0.212
152,0.25310442650240234,0.8888888888888888,0.211,0.9375,152,0.211
153,0.25230658482881935,0.9084967320261438,0.214,0.9375,152,0.211
154,0.25387698937864867,0.8954248366013072,0.209,0.9375,154,0.209
155,0.24972374435343775,0.8954248366013072,0.212,0.9375,154,0.209
156,0.24855856977257074,0.9019607843137255,0.215,0.9375,154,0.209
157,0.24956130552915187,0.9019607843137255,0.211,0.9375,154,0.209
158,0.24889472886627795,0.9084967320261438,0.207,0.9375,158,0.207
159,0.24867206617118487,0.9150326797385621,0.208,0.9375,158,0.207
160,0.2474451275432811,0.9150326797385621,0.21,0.9375,158,0.207
161,0.2474877269439448,0.9084967320261438,0.212,0.9375,158,0.207
162,0.24740400442890093,0.9150326797385621,0.211,0.9375,158,0.207
163,0.2464930130765329,0.9150326797385621,0.211,0.9375,158,0.207
164,0.24670937072996998,0.9150326797385621,0.211,0.9375,158,0.207
165,0.2463160875965567,0.9150326797385621,0.21,0.9375,158,0.207
166,0.24679512369866466,0.9084967320261438,0.21,0.9375,158,0.207
167,0.24598168508679258,0.9150326797385621,0.211,0.9375,158,0.207
168,0.24868436751801984,0.9150326797385621,0.214,0.9375,158,0.207
169,0.2474550246413237,0.9150326797385621,0.208,0.9375,158,0.207
170,0.24721145551968243,0.9084967320261438,0.207,0.9375,158,0.207
171,0.24711511610380185,0.9150326797385621,0.203,0.9375,171,0.203
172,0.2457539384661157,0.9150326797385621,0.206,0.9375,171,0.203
173,0.24617525467685625,0.9150326797385621,0.206,0.9375,171,0.203
174,0.24532667191979152,0.9150326797385621,0.207,0.9375,171,0.203
175,0.24506213072857824,0.9150326797385621,0.208,0.9375,171,0.203
176,0.24453726216079363,0.9150326797385621,0.211,0.9375,171,0.203
177,0.24535749570217008,0.9084967320261438,0.207,0.9375,171,0.203
178,0.24401247072843166,0.9150326797385621,0.205,0.9375,171,0.203
179,0.24499287324793198,0.9084967320261438,0.21,0.9375,171,0.203
180,0.24486352707825454,0.9084967320261438,0.207,0.9375,171,0.203
181,0.24778760862506294,0.9150326797385621,0.208,0.9375,171,0.203
182,0.24511480506728678,0.9150326797385621,0.208,0.9375,171,0.203
183,0.24502510299869612,0.9084967320261438,0.213,0.9375,171,0.203
184,0.24456485463123695,0.9150326797385621,0.208,0.9375,171,0.203
185,0.24509939668225308,0.9150326797385621,0.207,0.9375,171,0.203
186,0.24427577171450346,0.9150326797385621,0.205,0.9375,171,0.203
187,0.24368261024842855,0.9150326797385621,0.209,0.9375,171,0.203
188,0.24381389999701306,0.9150326797385621,0.207,0.9375,171,0.203
189,0.24316382447099374,0.9150326797385621,0.207,0.9375,171,0.203
190,0.24324528765834236,0.9150326797385621,0.209,0.9375,171,0.203
191,0.24221370617548624,0.9150326797385621,0.207,0.9375,171,0.203
192,0.24539542276095722,0.9150326797385621,0.204,0.9375,171,0.203
193,0.24216589078404546,0.9150326797385621,0.206,0.9375,171,0.203
194,0.2433842198521483,0.9150326797385621,0.207,0.9375,171,0.203
195,0.24229245832542967,0.9150326797385621,0.206,0.9375,171,0.203
196,0.24560392915812973,0.9150326797385621,0.207,0.9375,171,0.203
197,0.2425018798292073,0.9150326797385621,0.202,0.9375,197,0.202
198,0.24288712432181914,0.9150326797385621,0.206,0.9375,197,0.202
199,0.24305321948201047,0.9084967320261438,0.201,0.9375,199,0.201
200,0.24067439927774317,0.9150326797385621,0.204,0.9375,199,0.201
201,0.24088850870631098,0.9150326797385621,0.202,0.9375,199,0.201
202,0.23998306487120835,0.9150326797385621,0.2,0.9375,202,0.2
203,0.23945105543323592,0.9150326797385621,0.202,0.9375,202,0.2
204,0.2395029153699189,0.9150326797385621,0.203,0.9375,202,0.2
205,0.2391396145415462,0.9150326797385621,0.203,0.9375,202,0.2
206,0.23894650951709623,0.9150326797385621,0.202,0.9375,202,0.2
207,0.23874121592714895,0.9150326797385621,0.201,0.9375,202,0.2
208,0.2382683050788306,0.9150326797385621,0.202,0.9375,202,0.2
209,0.23841891335506066,0.9150326797385621,0.202,0.9375,202,0.2
210,0.23812636246089064,0.9150326797385621,0.201,0.9375,202,0.2
211,0.23807345028796228,0.9150326797385621,0.201,0.9375,202,0.2
212,0.2376796425947177,0.9150326797385621,0.204,0.9375,202,0.2
213,0.23811118489776562,0.9150326797385621,0.203,0.9375,202,0.2
214,0.23751382149902045,0.9150326797385621,0.203,0.9375,202,0.2
215,0.23744449253175773,0.9150326797385621,0.204,0.9375,202,0.2
216,0.23758892705237944,0.9150326797385621,0.203,0.9375,202,0.2
217,0.23713224814608205,0.9150326797385621,0.202,0.9375,202,0.2
218,0.23709609013756897,0.9150326797385621,0.203,0.9375,202,0.2
219,0.23704409268167284,0.9150326797385621,0.202,0.9375,202,0.2
220,0.23697543436405705,0.9150326797385621,0.201,0.9375,202,0.2
221,0.2366529461605097,0.9150326797385621,0.202,0.9375,202,0.2
222,0.23732919650140152,0.9150326797385621,0.202,0.9375,202,0.2
223,0.23643295418203267,0.9150326797385621,0.201,0.9375,202,0.2
224,0.23733866312145407,0.9150326797385621,0.202,0.9375,202,0.2
225,0.23653792302592908,0.9150326797385621,0.204,0.9375,202,0.2
226,0.23646577783659392,0.9150326797385621,0.203,0.9375,202,0.2
227,0.23650877245890548,0.9150326797385621,0.203,0.9375,202,0.2
228,0.23586311215668723,0.9150326797385621,0.203,0.9375,202,0.2
229,0.23612558276824702,0.9150326797385621,0.203,0.9375,202,0.2
230,0.235818680984522,0.9150326797385621,0.202,0.9375,202,0.2
231,0.23581240516082913,0.9150326797385621,0.202,0.9375,202,0.2
232,0.2356970976380741,0.9150326797385621,0.202,0.9375,202,0.2
233,0.23577273281571132,0.9150326797385621,0.202,0.9375,202,0.2
234,0.23505714418841342,0.9150326797385621,0.202,0.9375,202,0.2
235,0.23576917796353108,0.9150326797385621,0.203,0.9375,202,0.2
236,0.235398433761659,0.9150326797385621,0.203,0.9375,202,0.2
237,0.23550442854563394,0.9150326797385621,0.201,0.9375,202,0.2
238,0.23518440925997067,0.9150326797385621,0.201,0.9375,202,0.2
239,0.23484334856076958,0.9150326797385621,0.201,0.9375,202,0.2
240,0.23484695620006985,0.9150326797385621,0.203,0.9375,202,0.2
241,0.23497899490244248,0.9150326797385621,0.202,0.9375,202,0.2
242,0.23437879814041984,0.9150326797385621,0.202,0.9375,202,0.2
243,0.2347480152167526,0.9150326797385621,0.202,0.9375,202,0.2
244,0.23399166538824442,0.9150326797385621,0.202,0.9375,202,0.2
245,0.2345044803775214,0.9150326797385621,0.203,0.9375,202,0.2
246,0.23375092164363737,0.9150326797385621,0.202,0.9375,202,0.2
247,0.23465373508291307,0.9150326797385621,0.202,0.9375,202,0.2
248,0.23368274250061682,0.9150326797385621,0.202,0.9375,202,0.2
249,0.23487287467601253,0.9150326797385621,0.199,0.9375,249,0.199
250,0.23343333465601104,0.9150326797385621,0.201,0.9375,249,0.199
251,0.2328606832261179,0.9150326797385621,0.201,0.9375,249,0.199
252,0.23310597912937986,0.9150326797385621,0.201,0.9375,249,0.199
253,0.23306340641445583,0.9150326797385621,0.201,0.9375,249,0.199
254,0.23261812192941803,0.9150326797385621,0.201,0.9375,249,0.199
255,0.23282687414705364,0.9150326797385621,0.201,0.9375,249,0.199
256,0.2327900688632641,0.9150326797385621,0.202,0.9375,249,0.199
257,0.23249335811029073,0.9150326797385621,0.202,0.9375,249,0.199
258,0.23268758919503954,0.9150326797385621,0.201,0.9375,249,0.199
259,0.23261738836375717,0.9150326797385621,0.201,0.9375,249,0.199
260,0.232207449822644,0.9150326797385621,0.201,0.9375,249,0.199
261,0.2324277696266673,0.9150326797385621,0.201,0.9375,249,0.199
262,0.2323449575433544,0.9150326797385621,0.201,0.9375,249,0.199
263,0.2321128716655806,0.9150326797385621,0.2,0.9375,249,0.199
264,0.23229996811330708,0.9150326797385621,0.2,0.9375,249,0.199
265,0.23205017089064606,0.9150326797385621,0.202,0.9375,249,0.199
266,0.23196493936519996,0.9150326797385621,0.201,0.9375,249,0.199
267,0.2320422356814341,0.9150326797385621,0.201,0.9375,249,0.199
268,0.2316844923044342,0.9150326797385621,0.202,0.9375,249,0.199
269,0.23185185883559434,0.9150326797385621,0.202,0.9375,249,0.199
270,0.2317651666067784,0.9150326797385621,0.202,0.9375,249,0.199
271,0.23161901309599284,0.9150326797385621,0.201,0.9375,249,0.199
272,0.23175242289998174,0.9150326797385621,0.202,0.9375,249,0.199
273,0.23142144064498105,0.9150326797385621,0.202,0.9375,249,0.199
274,0.23181390528585397,0.9150326797385621,0.202,0.9375,249,0.199
275,0.23145105460889978,0.9150326797385621,0.201,0.9375,249,0.199
276,0.2313966236862482,0.9150326797385621,0.201,0.9375,249,0.199
277,0.23146627288238675,0.9150326797385621,0.201,0.9375,249,0.199
278,0.2312287847980175,0.9150326797385621,0.201,0.9375,249,0.199
279,0.23143924237076752,0.9150326797385621,0.201,0.9375,249,0.199
280,0.231055036674138,0.9150326797385621,0.201,0.9375,249,0.199
281,0.23128735298424766,0.9150326797385621,0.201,0.9375,249,0.199
282,0.23120737601729,0.9150326797385621,0.201,0.9375,249,0.199
283,0.23093106407745212,0.9150326797385621,0.201,0.9375,249,0.199
284,0.2311288599484886,0.9150326797385621,0.201,0.9375,249,0.199
285,0.2307662642469593,0.9150326797385621,0.201,0.9375,249,0.199
286,0.2310018586177452,0.9150326797385621,0.201,0.9375,249,0.199
287,0.23064439339575424,0.9150326797385621,0.201,0.9375,249,0.199
288,0.2308320560876061,0.9150326797385621,0.2,0.9375,249,0.199
289,0.2307440194429136,0.9150326797385621,0.2,0.9375,249,0.199
290,0.2306076666108923,0.9150326797385621,0.201,0.9375,249,0.199
291,0.23057864869342132,0.9150326797385621,0.201,0.9375,249,0.199
292,0.23064391967517878,0.9150326797385621,0.2,0.9375,249,0.199
293,0.23033580885213964,0.9150326797385621,0.2,0.9375,249,0.199
294,0.23033721209351532,0.9150326797385621,0.201,0.9375,249,0.199
295,0.23018728323232115,0.9150326797385621,0.2,0.9375,249,0.199
296,0.23029207228835114,0.9150326797385621,0.2,0.9375,249,0.199
297,0.23004472021963082,0.9150326797385621,0.2,0.9375,249,0.199
298,0.23016506199743234,0.9150326797385621,0.201,0.9375,249,0.199
299,0.22998694909943473,0.9150326797385621,0.2,0.9375,249,0.199
300,0.22970309347109077,0.9150326797385621,0.201,0.9375,249,0.199
301,0.22962189110275966,0.9150326797385621,0.201,0.9375,249,0.199
302,0.22957826751509522,0.9150326797385621,0.201,0.9375,249,0.199
303,0.229571616143183,0.9150326797385621,0.2,0.9375,249,0.199
304,0.2294690268102035,0.9150326797385621,0.2,0.9375,249,0.199
305,0.2294047260596082,0.9150326797385621,0.2,0.9375,249,0.199
306,0.22938482141962238,0.9150326797385621,0.2,0.9375,249,0.199
307,0.22934468158709456,0.9150326797385621,0.2,0.9375,249,0.199
308,0.22921589776581408,0.9150326797385621,0.2,0.9375,249,0.199
309,0.22924360964033338,0.9150326797385621,0.2,0.9375,249,0.199
310,0.22911828600503262,0.9150326797385621,0.2,0.9375,249,0.199
311,0.22912408654985864,0.9150326797385621,0.2,0.9375,249,0.199
312,0.2290132367143444,0.9150326797385621,0.2,0.9375,249,0.199
313,0.22903558241775612,0.9150326797385621,0.2,0.9375,249,0.199
314,0.22890430747293958,0.9150326797385621,0.2,0.9375,249,0.199
315,0.22884992427296108,0.9150326797385621,0.2,0.9375,249,0.199
316,0.22881295517379163,0.9150326797385621,0.2,0.9375,249,0.199
317,0.22872309376990874,0.9150326797385621,0.199,0.9375,249,0.199
318,0.22869941689609702,0.9150326797385621,0.2,0.9375,249,0.199
319,0.22864273716421687,0.9150326797385621,0.2,0.9375,249,0.199
320,0.22857111770343158,0.9150326797385621,0.199,0.9375,249,0.199
321,0.22856876273560367,0.9150326797385621,0.199,0.9375,249,0.199
322,0.22845549151009203,0.9150326797385621,0.199,0.9375,249,0.199
323,0.228447166533252,0.9150326797385621,0.199,0.9375,249,0.199
324,0.22827103130178514,0.9150326797385621,0.199,0.9375,249,0.199
325,0.22824300465240976,0.9150326797385621,0.199,0.9375,249,0.199
326,0.22819319737502952,0.9150326797385621,0.199,0.9375,249,0.199
327,0.22810029866648654,0.9150326797385621,0.199,0.9375,249,0.199
328,0.22805263676674536,0.9150326797385621,0.199,0.9375,249,0.199
329,0.22793373640845804,0.9150326797385621,0.199,0.9375,249,0.199
330,0.2279488041120417,0.9150326797385621,0.199,0.9375,249,0.199
331,0.22782463439149794,0.9150326797385621,0.199,0.9375,249,0.199
332,0.2278044003676745,0.9150326797385621,0.199,0.9375,249,0.199
333,0.2277747262147517,0.9150326797385621,0.199,0.9375,249,0.199
334,0.2276077106887219,0.9150326797385621,0.199,0.9375,249,0.199
335,0.2276681270085129,0.9150326797385621,0.199,0.9375,249,0.199
336,0.2275520111221114,0.9150326797385621,0.199,0.9375,249,0.199
337,0.22756568259663051,0.9150326797385621,0.199,0.9375,249,0.199
338,0.22747251742026386,0.9150326797385621,0.199,0.9375,249,0.199
339,0.22745259154855815,0.9150326797385621,0.199,0.9375,249,0.199
340,0.22742047886443295,0.9150326797385621,0.199,0.9375,249,0.199
341,0.22728216667580448,0.9150326797385621,0.199,0.9375,249,0.199
342,0.22732669212459738,0.9150326797385621,0.199,0.9375,249,0.199
343,0.22721536194576936,0.9150326797385621,0.199,0.9375,249,0.199
344,0.22731983720087537,0.9150326797385621,0.199,0.9375,249,0.199
345,0.22712340210777482,0.9150326797385621,0.199,0.9375,249,0.199
346,0.22714582241438572,0.9150326797385621,0.199,0.9375,249,0.199
347,0.22701438345940284,0.9150326797385621,0.199,0.9375,249,0.199
348,0.22706732329200296,0.9150326797385621,0.198,0.9375,348,0.198
349,0.2269965597227508,0.9150326797385621,0.199,0.9375,348,0.198
350,0.22679440686905306,0.9150326797385621,0.199,0.9375,348,0.198
351,0.22688806212805454,0.9150326797385621,0.199,0.9375,348,0.198
352,0.22675634657635407,0.9150326797385621,0.199,0.9375,348,0.198
353,0.22673539671243406,0.9150326797385621,0.199,0.9375,348,0.198
354,0.22679125502997755,0.9150326797385621,0.199,0.9375,348,0.198
355,0.2266989735996022,0.9150326797385621,0.199,0.9375,348,0.198
356,0.22662953087706972,0.9150326797385621,0.199,0.9375,348,0.198
357,0.22669638780986562,0.9150326797385621,0.198,0.9375,348,0.198
358,0.22664753518073388,0.9150326797385621,0.199,0.9375,348,0.198
359,0.2265774940743166,0.9150326797385621,0.198,0.9375,348,0.198
360,0.2266163847415276,0.9150326797385621,0.198,0.9375,348,0.198
361,0.22655810795578302,0.9150326797385621,0.198,0.9375,348,0.198
362,0.2265227555839065,0.9150326797385621,0.198,0.9375,348,0.198
363,0.22651699613901524,0.9150326797385621,0.199,0.9375,348,0.198
364,0.22646500277363396,0.9150326797385621,0.198,0.9375,348,0.198
365,0.22651184929741752,0.9150326797385621,0.198,0.9375,348,0.198
366,0.2264370696217406,0.9150326797385621,0.198,0.9375,348,0.198
367,0.22645078726064147,0.9150326797385621,0.198,0.9375,348,0.198
368,0.22638757302870158,0.9150326797385621,0.198,0.9375,348,0.198
369,0.22638805083979188,0.9150326797385621,0.198,0.9375,348,0.198
370,0.22637051986713036,0.9150326797385621,0.198,0.9375,348,0.198
371,0.22634167258256402,0.9150326797385621,0.198,0.9375,348,0.198
372,0.22634312763712763,0.9150326797385621,0.198,0.9375,348,0.198
373,0.22628652114494174,0.9150326797385621,0.198,0.9375,348,0.198
374,0.22629093929053912,0.9150326797385621,0.198,0.9375,348,0.198
375,0.22623674600732094,0.9150326797385621,0.198,0.9375,348,0.198
376,0.2262397916877971,0.9150326797385621,0.198,0.9375,348,0.198
377,0.22621343766941743,0.9150326797385621,0.198,0.9375,348,0.198
378,0.2261904392367095,0.9150326797385621,0.198,0.9375,348,0.198
379,0.2261680647049075,0.9150326797385621,0.198,0.9375,348,0.198
380,0.2261469469350927,0.9150326797385621,0.198,0.9375,348,0.198
381,0.2261453218319837,0.9150326797385621,0.198,0.9375,348,0.198
382,0.22607777808226792,0.9150326797385621,0.198,0.9375,348,0.198
383,0.22613152004534903,0.9150326797385621,0.198,0.9375,348,0.198
384,0.22604613405427124,0.9150326797385621,0.198,0.9375,348,0.198
385,0.2260562711291843,0.9150326797385621,0.198,0.9375,348,0.198
386,0.22601488291048535,0.9150326797385621,0.198,0.9375,348,0.198
387,0.22601096536598952,0.9150326797385621,0.198,0.9375,348,0.198
388,0.22599023346807443,0.9150326797385621,0.198,0.9375,348,0.198
389,0.22593151997117436,0.9150326797385621,0.198,0.9375,348,0.198
390,0.2259848789841521,0.9150326797385621,0.198,0.9375,348,0.198
391,0.22592167215409623,0.9150326797385621,0.198,0.9375,348,0.198
392,0.22592060978895698,0.9150326797385621,0.198,0.9375,348,0.198
393,0.22585775123702156,0.9150326797385621,0.198,0.9375,348,0.198
394,0.22584727094843496,0.9150326797385621,0.197,0.9375,394,0.197
395,0.22584212001632242,0.9150326797385621,0.197,0.9375,394,0.197
396,0.22580745913623984,0.9150326797385621,0.197,0.9375,394,0.197
397,0.2258297273146561,0.9150326797385621,0.197,0.9375,394,0.197
398,0.22575826290386175,0.9150326797385621,0.197,0.9375,394,0.197
399,0.22579104643242032,0.9150326797385621,0.197,0.9375,394,0.197
400,0.2256646828324187,0.9150326797385621,0.197,0.9375,394,0.197
401,0.2256695191844616,0.9150326797385621,0.197,0.9375,394,0.197
402,0.22562816505338631,0.9150326797385621,0.197,0.9375,394,0.197
403,0.22562331253407047,0.9150326797385621,0.197,0.9375,394,0.197
404,0.22562825640821768,0.9150326797385621,0.197,0.9375,394,0.197
405,0.22559921628509472,0.9150326797385621,0.197,0.9375,394,0.197
406,0.22560256232623183,0.9150326797385621,0.197,0.9375,394,0.197
407,0.22556321274221333,0.9150326797385621,0.197,0.9375,394,0.197
408,0.22556849807695625,0.9150326797385621,0.197,0.9375,394,0.197
409,0.225573291770773,0.9150326797385621,0.197,0.9375,394,0.197
410,0.22554455726754433,0.9150326797385621,0.197,0.9375,394,0.197
411,0.22556321800144669,0.9150326797385621,0.197,0.9375,394,0.197
412,0.22551460184302985,0.9150326797385621,0.197,0.9375,394,0.197
413,0.22553080086614571,0.9150326797385621,0.197,0.9375,394,0.197
414,0.22552432772380854,0.9150326797385621,0.197,0.9375,394,0.197
415,0.22548091216804156,0.9150326797385621,0.197,0.9375,394,0.197
416,0.22549519585628136,0.9150326797385621,0.197,0.9375,394,0.197
417,0.2254847007639268,0.9150326797385621,0.197,0.9375,394,0.197
418,0.22547576844302658,0.9150326797385621,0.197,0.9375,394,0.197
419,0.2254740027041217,0.9150326797385621,0.197,0.9375,394,0.197
420,0.22542315409853567,0.9150326797385621,0.197,0.9375,394,0.197
421,0.22543434029311135,0.9150326797385621,0.197,0.9375,394,0.197
422,0.2254498034131293,0.9150326797385621,0.197,0.9375,394,0.197
423,0.22539482611456726,0.9150326797385621,0.197,0.9375,394,0.197
424,0.2254038361552494,0.9150326797385621,0.197,0.9375,394,0.197
425,0.22537200279485167,0.9150326797385621,0.197,0.9375,394,0.197
426,0.22537971750583524,0.9150326797385621,0.197,0.9375,394,0.197
427,0.22538826434440862,0.9150326797385621,0.197,0.9375,394,0.197
428,0.22535430157885833,0.9150326797385621,0.197,0.9375,394,0.197
429,0.22535604082680996,0.9150326797385621,0.197,0.9375,394,0.197
430,0.22534070373360626,0.9150326797385621,0.197,0.9375,394,0.197
431,0.22535034079177707,0.9150326797385621,0.197,0.9375,394,0.197
432,0.22532067637817532,0.9150326797385621,0.197,0.9375,394,0.197
433,0.22530462402923435,0.9150326797385621,0.197,0.9375,394,0.197
434,0.22532564869113997,0.9150326797385621,0.197,0.9375,394,0.197
435,0.22529422146042968,0.9150326797385621,0.197,0.9375,394,0.197
436,0.22526456756529464,0.9150326797385621,0.197,0.9375,394,0.197
437,0.22529442968711355,0.9150326797385621,0.197,0.9375,394,0.197
438,0.22525216707217147,0.9150326797385621,0.197,0.9375,394,0.197
439,0.2252562988817302,0.9150326797385621,0.197,0.9375,394,0.197
440,0.22522923389291452,0.9150326797385621,0.197,0.9375,394,0.197
441,0.2252316889809627,0.9150326797385621,0.197,0.9375,394,0.197
442,0.22521024358038808,0.9150326797385621,0.197,0.9375,394,0.197
443,0.22521360364614748,0.9150326797385621,0.197,0.9375,394,0.197
444,0.2251917437400693,0.9150326797385621,0.197,0.9375,394,0.197
445,0.2251795392020855,0.9150326797385621,0.197,0.9375,394,0.197
446,0.22515999783877455,0.9150326797385621,0.197,0.9375,394,0.197
447,0.2251784320360695,0.9150326797385621,0.197,0.9375,394,0.197
448,0.22514095454434163,0.9150326797385621,0.197,0.9375,394,0.197
449,0.2251295556429944,0.9150326797385621,0.197,0.9375,394,0.197
450,0.22510779605192296,0.9150326797385621,0.197,0.9375,394,0.197
451,0.2251002469093971,0.9150326797385621,0.197,0.9375,394,0.197
452,0.22508728348351772,0.9150326797385621,0.197,0.9375,394,0.197
453,0.22509069633639717,0.9150326797385621,0.197,0.9375,394,0.197
454,0.22507410637693467,0.9150326797385621,0.197,0.9375,394,0.197
455,0.2250857631755031,0.9150326797385621,0.197,0.9375,394,0.197
456,0.22506913776491203,0.9150326797385621,0.197,0.9375,394,0.197
457,0.22505941500071608,0.9150326797385621,0.197,0.9375,394,0.197
458,0.2250633672171948,0.9150326797385621,0.197,0.9375,394,0.197
459,0.22504575287594514,0.9150326797385621,0.197,0.9375,394,0.197
460,0.2250465322164149,0.9150326797385621,0.197,0.9375,394,0.197
461,0.22503192011826958,0.9150326797385621,0.197,0.9375,394,0.197
462,0.2250298606414421,0.9150326797385621,0.197,0.9375,394,0.197
463,0.22503665401265513,0.9150326797385621,0.197,0.9375,394,0.197
464,0.22501804781895057,0.9150326797385621,0.197,0.9375,394,0.197
465,0.2250194999517179,0.9150326797385621,0.197,0.9375,394,0.197
466,0.22500748455134872,0.9150326797385621,0.197,0.9375,394,0.197
467,0.22500731080186134,0.9150326797385621,0.197,0.9375,394,0.197
468,0.22501371771681541,0.9150326797385621,0.197,0.9375,394,0.197
469,0.22498185474888172,0.9150326797385621,0.197,0.9375,394,0.197
470,0.2249904960588692,0.9150326797385621,0.197,0.9375,394,0.197
471,0.22498682667227352,0.9150326797385621,0.197,0.9375,394,0.197
472,0.22497312442149991,0.9150326797385621,0.197,0.9375,394,0.197
473,0.22499372951345506,0.9150326797385621,0.197,0.9375,394,0.197
474,0.22496251070421505,0.9150326797385621,0.197,0.9375,394,0.197
475,0.22496871776830138,0.9150326797385621,0.197,0.9375,394,0.197
476,0.2249568445620194,0.9150326797385621,0.197,0.9375,394,0.197
477,0.22495578414474438,0.9150326797385621,0.197,0.9375,394,0.197
478,0.22495469100335064,0.9150326797385621,0.197,0.9375,394,0.197
479,0.2249380426079619,0.9150326797385621,0.197,0.9375,394,0.197
480,0.22494393587112427,0.9150326797385621,0.197,0.9375,394,0.197
481,0.2249259689664529,0.9150326797385621,0.197,0.9375,394,0.197
482,0.22493801942837785,0.9150326797385621,0.197,0.9375,394,0.197
483,0.22491329265575782,0.9150326797385621,0.197,0.9375,394,0.197
484,0.22491436612372304,0.9150326797385621,0.197,0.9375,394,0.197
485,0.22491182474529042,0.9150326797385621,0.197,0.9375,394,0.197
486,0.22490140717793133,0.9150326797385621,0.197,0.9375,394,0.197
487,0.22491349503884908,0.9150326797385621,0.197,0.9375,394,0.197
488,0.22488804463467565,0.9150326797385621,0.197,0.9375,394,0.197
489,0.22489478541355507,0.9150326797385621,0.197,0.9375,394,0.197
490,0.22488795600685418,0.9150326797385621,0.197,0.9375,394,0.197
491,0.2248812855458727,0.9150326797385621,0.197,0.9375,394,0.197
492,0.22487547428779353,0.9150326797385621,0.197,0.9375,394,0.197
493,0.22486302315020093,0.9150326797385621,0.197,0.9375,394,0.197
494,0.22487598716043958,0.9150326797385621,0.197,0.9375,394,0.197
495,0.22485344920283049,0.9150326797385621,0.197,0.9375,394,0.197
496,0.22484922954459596,0.9150326797385621,0.197,0.9375,394,0.197
497,0.224858238611346,0.9150326797385621,0.197,0.9375,394,0.197
498,0.22484193615664064,0.9150326797385621,0.197,0.9375,394,0.197
499,0.22483543165368972,0.9150326797385621,0.197,0.9375,394,0.197
500,0.2248211002427768,0.9150326797385621,0.197,0.9375,394,0.197
501,0.22481315470988456,0.9150326797385621,0.197,0.9375,394,0.197
502,0.22480972023571238,0.9150326797385621,0.197,0.9375,394,0.197
503,0.22480886940862618,0.9150326797385621,0.197,0.9375,394,0.197
504,0.22480428082491058,0.9150326797385621,0.197,0.9375,394,0.197
505,0.2248036208885168,0.9150326797385621,0.197,0.9375,394,0.197
506,0.22480079064182207,0.9150326797385621,0.197,0.9375,394,0.197
507,0.2247936004906698,0.9150326797385621,0.197,0.9375,394,0.197
508,0.22479530175526938,0.9150326797385621,0.197,0.9375,394,0.197
509,0.22478804537673402,0.9150326797385621,0.197,0.9375,394,0.197
510,0.2247885979858099,0.9150326797385621,0.197,0.9375,394,0.197
511,0.22478884711764216,0.9150326797385621,0.197,0.9375,394,0.197
512,0.22477833566322825,0.9150326797385621,0.197,0.9375,394,0.197
513,0.2247767253638872,0.9150326797385621,0.197,0.9375,394,0.197
514,0.22477602588585,0.9150326797385621,0.197,0.9375,394,0.197
515,0.22477122654322707,0.9150326797385621,0.197,0.9375,394,0.197
516,0.22477447908688214,0.9150326797385621,0.197,0.9375,394,0.197
517,0.22476446648049198,0.9150326797385621,0.197,0.9375,394,0.197
518,0.22476479138424194,0.9150326797385621,0.197,0.9375,394,0.197
519,0.22475733671313017,0.9150326797385621,0.197,0.9375,394,0.197
520,0.22476440239575954,0.9150326797385621,0.197,0.9375,394,0.197
521,0.2247526306732028,0.9150326797385621,0.197,0.9375,394,0.197
522,0.22475472073149838,0.9150326797385621,0.197,0.9375,394,0.197
523,0.22475354149450663,0.9150326797385621,0.197,0.9375,394,0.197
524,0.22474483395713607,0.9150326797385621,0.197,0.9375,394,0.197
525,0.22475681312723098,0.9150326797385621,0.197,0.9375,394,0.197
526,0.22474116515489964,0.9150326797385621,0.197,0.9375,394,0.197
527,0.22474419914819058,0.9150326797385621,0.197,0.9375,394,0.197
528,0.22473538350435643,0.9150326797385621,0.197,0.9375,394,0.197
529,0.22473308288193997,0.9150326797385621,0.197,0.9375,394,0.197
530,0.22473412167792226,0.9150326797385621,0.197,0.9375,394,0.197
531,0.224726503386217,0.9150326797385621,0.197,0.9375,394,0.197
532,0.22472889185730927,0.9150326797385621,0.197,0.9375,394,0.197
533,0.22472360437991573,0.9150326797385621,0.197,0.9375,394,0.197
534,0.22472397291582394,0.9150326797385621,0.197,0.9375,394,0.197
535,0.22471606926201215,0.9150326797385621,0.197,0.9375,394,0.197
536,0.22471204283190707,0.9150326797385621,0.197,0.9375,394,0.197
537,0.22471125044074713,0.9150326797385621,0.197,0.9375,394,0.197
538,0.22471385902049495,0.9150326797385621,0.197,0.9375,394,0.197
539,0.22470545009070753,0.9150326797385621,0.197,0.9375,394,0.197
540,0.22470455095658895,0.9150326797385621,0.197,0.9375,394,0.197
541,0.22470158708640953,0.9150326797385621,0.197,0.9375,394,0.197
542,0.2247007968379002,0.9150326797385621,0.197,0.9375,394,0.197
543,0.22470029701594435,0.9150326797385621,0.197,0.9375,394,0.197
544,0.2246930716084499,0.9150326797385621,0.197,0.9375,394,0.197
545,0.22469175095651664,0.9150326797385621,0.197,0.9375,394,0.197
546,0.22468830654823702,0.9150326797385621,0.197,0.9375,394,0.197
547,0.2246882473331651,0.9150326797385621,0.197,0.9375,394,0.197
548,0.2246804547076132,0.9150326797385621,0.197,0.9375,394,0.197
549,0.22468756285368227,0.9150326797385621,0.197,0.9375,394,0.197
550,0.22466689698836384,0.9150326797385621,0.197,0.9375,394,0.197
551,0.2246667620013742,0.9150326797385621,0.197,0.9375,394,0.197
552,0.2246684582015268,0.9150326797385621,0.197,0.9375,394,0.197
553,0.22466381449325412,0.9150326797385621,0.197,0.9375,394,0.197
554,0.22466248936123318,0.9150326797385621,0.197,0.9375,394,0.197
555,0.22466290133451325,0.9150326797385621,0.197,0.9375,394,0.197
556,0.22465867154738484,0.9150326797385621,0.197,0.9375,394,0.197
557,0.22465897015496797,0.9150326797385621,0.197,0.9375,394,0.197
558,0.22466125227267447,0.9150326797385621,0.197,0.9375,394,0.197
559,0.2246544491621404,0.9150326797385621,0.197,0.9375,394,0.197
560,0.224655980572981,0.9150326797385621,0.197,0.9375,394,0.197
561,0.224652588757035,0.9150326797385621,0.197,0.9375,394,0.197
562,0.22465146639767816,0.9150326797385621,0.197,0.9375,394,0.197
563,0.2246515378842946,0.9150326797385621,0.197,0.9375,394,0.197
564,0.2246480143927281,0.9150326797385621,0.197,0.9375,394,0.197
565,0.22464803348179735,0.9150326797385621,0.197,0.9375,394,0.197
566,0.2246468848262737,0.9150326797385621,0.197,0.9375,394,0.197
567,0.22464566351541507,0.9150326797385621,0.197,0.9375,394,0.197
568,0.22464606555458766,0.9150326797385621,0.197,0.9375,394,0.197
569,0.2246402936433655,0.9150326797385621,0.197,0.9375,394,0.197
570,0.22464388706325705,0.9150326797385621,0.197,0.9375,394,0.197
571,0.2246383136393977,0.9150326797385621,0.197,0.9375,394,0.197
572,0.22463950397921542,0.9150326797385621,0.197,0.9375,394,0.197
573,0.22463679391574237,0.9150326797385621,0.197,0.9375,394,0.197
574,0.224634202671986,0.9150326797385621,0.197,0.9375,394,0.197
575,0.22463889449250465,0.9150326797385621,0.197,0.9375,394,0.197
576,0.22463167122766084,0.9150326797385621,0.197,0.9375,394,0.197
577,0.22463192756659064,0.9150326797385621,0.197,0.9375,394,0.197
578,0.2246321525449067,0.9150326797385621,0.197,0.9375,394,0.197
579,0.22462830882446438,0.9150326797385621,0.197,0.9375,394,0.197
580,0.22462943235253977,0.9150326797385621,0.197,0.9375,394,0.197
581,0.22462506231918833,0.9150326797385621,0.197,0.9375,394,0.197
582,0.22462904648064008,0.9150326797385621,0.197,0.9375,394,0.197
583,0.2246215074670081,0.9150326797385621,0.197,0.9375,394,0.197
584,0.2246234950676463,0.9150326797385621,0.197,0.9375,394,0.197
585,0.22462222603411455,0.9150326797385621,0.197,0.9375,394,0.197
586,0.22461915288875306,0.9150326797385621,0.197,0.9375,394,0.197
587,0.224620906161327,0.9150326797385621,0.197,0.9375,394,0.197
588,0.22461619194036994,0.9150326797385621,0.197,0.9375,394,0.197
589,0.22461852762434217,0.9150326797385621,0.197,0.9375,394,0.197
590,0.2246135064199859,0.9150326797385621,0.197,0.9375,394,0.197
591,0.22461482979892905,0.9150326797385621,0.197,0.9375,394,0.197
592,0.22461137662526048,0.9150326797385621,0.197,0.9375,394,0.197
593,0.2246121861576255,0.9150326797385621,0.197,0.9375,394,0.197
0.209,0.8947368421052632
26.499567985534668
